0 3.3585 8.7601 4.8229 8.1739 8.2113 13.9195 15.5802 19.4985 20.438 16.4219 11.2398 
4.2024 0 5.5116 3.8958 7.2449 8.089 12.5936 14.6395 18.1848 19.5265 15.5113 10.3549 
10.0188 5.5091 0 6.2834 8.0179 10.4887 10.2207 12.7966 15.9659 17.9793 15.6704 6.5848 
5.5382 3.9199 5.6476 0 3.6979 4.995 9.1129 11.1035 14.7709 15.9912 11.976 6.5639 
8.6737 7.1799 8.0019 4.8519 0 5.1627 5.8256 7.5785 11.4548 12.467 8.4519 3.2393 
24.1301 23.618 26.2133 21.3116 21.2205 0 26.832 28.7496 32.6005 33.6337 29.6134 24.3771 
14.2995 12.5495 10.8281 9.5519 5.7002 10.7964 0 3.7425 6.912 8.7656 8.0972 6.7859 
16.1944 14.6456 13.3744 12.3443 7.621 12.7503 3.7449 0 4.0377 5.2289 4.5762 9.1415 
19.7499 18.0837 16.5544 15.1686 11.2485 16.3906 6.9465 4.0706 0 4.7347 8.4349 12.3399 
20.5357 19.0618 18.2663 16.7596 12.0362 17.1461 8.7654 5.2142 4.7745 0 5.2549 13.9145 
16.9466 15.4627 15.6702 13.1624 8.4083 13.559 8.0935 4.5575 8.3927 5.2683 0 11.3201 
11.352 9.8557 5.9825 6.3811 3.2565 8.3935 5.8861 8.3708 11.5325 13.5487 11.2361 0 
